1
0,396,1004,598
4
0,396,1004,598
195,337,285,396
479,337,568,396
734,337,823,396
3
0,427,1004,598
162,369,252,426
478,312,567,426
5
0,396,421,598
479,296,534,598
597,181,653,598
717,89,773,598
830,396,1000,598
6
0,0,51,598
0,0,1004,197
966,0,1004,598
164,285,846,528
840,528,1004,598
40,438,180,438
2
0,396,1004,598
149,249,484,397
6
0,0,1004,37
0,0,42,598
0,165,205,365
298,165,1004,365
953,0,1004,598
0,557,1004,598
3
679,95,1004,399
961,399,1004,598
0,497,1004,598
4
0,0,1004,200
0,200,51,398
944,200,1004,398
0,398,1004,598
1
0,396,1004,598
6
0,0,324,278
324,0,1004,194
955,0,1004,598
0,278,46,598
0,466,218,598
218,368,781,598
2
0,398,416,598
602,401,1004,598
0